%YAML:1.0
range_normalization: !!opencv-matrix
   rows: 1
   cols: 100
   dt: f
   data: [ 9.69387740e-02, 1.37755096e-01, 1.17346942e-01,
       7.65306130e-02, 8.67346972e-02, 5.10204099e-02, 9.69387740e-02,
       8.67346972e-02, 9.18367356e-02, 6.63265288e-02, 1.63265303e-01,
       2.19387755e-01, 2.95918375e-01, 1.27551019e-01, 2.80612230e-01,
       5.61224483e-02, 1.78571433e-01, 1.17346942e-01, 1.17346942e-01,
       1.32653058e-01, 6.63265288e-02, 1.17346942e-01, 2.44897962e-01,
       1.22448981e-01, 1.32653058e-01, 1.02040820e-01, 1.42857149e-01,
       1.73469394e-01, 2.50000000e-01, 1.83673471e-01, 3.41836721e-01,
       1.98979586e-01, 5.10204099e-02, 2.55102038e-01, 1.53061226e-01,
       1.83673471e-01, 4.59183678e-02, 1.98979586e-01, 8.67346972e-02,
       1.47959188e-01, 1.42857149e-01, 2.24489793e-01, 9.18367356e-02,
       1.83673471e-01, 1.53061226e-01, 1.17346942e-01, 2.04081640e-01,
       8.67346972e-02, 1.68367341e-01, 1.88775510e-01, 7.65306130e-02,
       9.18367356e-02, 1.02040820e-01, 1.53061226e-01, 1.37755096e-01,
       1.93877548e-01, 6.12244904e-02, 2.29591832e-01, 1.83673471e-01,
       1.78571433e-01, 3.62244904e-01, 1.22448981e-01, 1.17346942e-01,
       2.19387755e-01, 1.22448981e-01, 6.12244904e-02, 1.32653058e-01,
       1.27551019e-01, 1.32653058e-01, 1.17346942e-01, 1.98979586e-01,
       1.07142858e-01, 2.29591832e-01, 1.58163264e-01, 1.32653058e-01,
       1.73469394e-01, 6.12244904e-02, 1.07142858e-01, 9.69387740e-02,
       5.61224483e-02, 6.63265288e-02, 8.67346972e-02, 1.17346942e-01,
       3.11224490e-01, 1.12244897e-01, 1.27551019e-01, 7.14285746e-02,
       5.10204099e-02, 1.47959188e-01, 1.88775510e-01, 6.63265288e-02,
       9.69387740e-02, 1.73469394e-01, 8.67346972e-02, 1.68367341e-01,
       1.53061226e-01, 1.22448981e-01, 1.07142858e-01, 2.04081640e-01,
       2.34693885e-01 ]
